186
175
72
119
140
69
200
139
177
52
52
143
81
69
53
53
56
111
77
54
111
169
143
55
77
12
6
3
164
73
110
38
151
136
87
172
200
146
188
151
86
22
115
184
82
48
14
38
181
41
52
39
63
144
87
180
30
50
106
72
133
71
26
166
134
118
110
198
139
119
109
200
107
106
175
88
60
42
163
138
23
8
78
56
22
39
166
13
101
152
37
23
115
127
132
121
101
74
94
80
200
37
31
59
137
141
175
162
130
178
143
17
66
102
56
40
9
130
199
67
159
113
86
82
123
110
18
116
109
125
49
34
67
104
187
23
111
81
7
154
142
15
92
15
36
17
170
42
26
39
137
104
49
131
127
200
47
57
104
101
18
143
168
103
45
28
26
178
179
82
116
125
178
29
131
126
131
198
102
60
56
167
32
63
22
16
44
137
118
165
90
170
59
60
179
131
56
21
41
105
155
183
158
177
199
152
191
25
193
113
168
127
142
144
158
176
146
140
74
175
49
93
146
70
159
72
92
70
82
114
29
122
49
192
150
17
164
197
87
141
197
21
129
28
76
172
35
200
148
145
167
104
74
13
44
137
53
152
175
125
183
61
36
45
62
68
97
175
9
16
178
109
144
94
11
83
191
64
67
179
149
168
30
89
47
122
48
73
41
24
108
20
192
146
120
185
110
97
142
182
69
38
191
188
193
167
16
4
107
121
58
176
98
94
92
23
136
99
109
144
134
22
51
117
160
55
134
32
23
145
18
120
126
58
14
157
60
119
84
63
104
199
103
115
62
170
20
8
156
58
157
21
9
7
84
56
99
80
114
189
146
190
193
82
145
105
24
145
12
147
141
166
65
90
54
80
75
63
84
135
137
86
26
163
22
53
126
141
167
161
195
64
146
160
87
7
75
42
149
22
78
18
13
15
172
99
189
129
115
121
161
128
88
92
49
9
31
141
19
117
41
166
196
83
6
86
27
179
10
166
9
70
77
88
136
117
55
50
116
89
55
117
162
108
142
124
184
58
109
52
153
190
132
91
22
39
159
43
24
1
105
68
176
180
37
60
75
151
102
153
57
124
47
64
124
27
181
21
14
4
146
161
148
132
158
78
82
39
9
37
20
168
24
101
57
19
15
134
106
105
169
149
123
21
72
115
66
172
146
160
51
137
190
198
7
55
115
116
50
152
70
99
152
61
19
102
113
15
42
168
112
161
98
4
183
117
161
141
57
35
194
145
141
150
59
12
98
38
183
78
44
120
47
107
1
12
72
82
174
43
45
30
105
192
95
88
142
136
39
146
100
108
124
1
26
70
31
127
49
96
177
149
27
101
161
146
162
161
167
99
70
2
110
59
132
164
10
186
24
14
50
10
120
107
65
142
134
122
39
45
2
173
137
128
183
109
154
175
32
22
4
83
125
120
39
156
62
34
155
115
15
178
21
77
9
71
120
173
130
36
148
43
143
113
84
7
90
186
101
1
5
57
44
64
116
76
57
155
138
25
99
82
41
128
195
177
84
98
17
142
50
157
12
183
25
43
179
82
122
43
137
53
113
85
5
69
30
84
180
186
57
142
25
40
80
45
34
191
186
113
179
48
109
62
132
109
129
162
39
76
98
68
140
173
187
139
197
9
10
104
46
151
199
35
116
26
182
59
3
160
94
119
137
147
99
165
195
94
146
189
128
40
84
61
59
7
59
133
36
50
44
2
177
147
41
129
85
171
42
39
45
38
94
157
24
142
125
145
99
191
118
167
50
129
124
55
66
142
86
160
199
182
152
120
101
106
144
90
27
87
145
110
155
113
10
188
74
160
159
54
27
156
171
28
171
184
189
194
55
162
155
51
191
168
160
99
191
192
44
162
139
91
162
25
12
79
34
37
53
17
99
181
21
50
46
40
151
146
124
140
113
12
170
107
133
178
19
104
170
135
179
154
197
149
57
94
169
89
200
45
34
188
54
85
91
154
175
46
163
125
61
96
4
169
164
125
79
11
28
148
31
145
180
103
36
109
67
118
112
70
51
70
125
123
115
54
111
92
84
22
156
111
25
105
59
31
156
58
66
194
59
24
192
147
94
31
197
8
194
200
48
69
199
65
123
151
7
174
193
151
139
26
151
69
174
157
5
26
118
53
25
112
181
132
92
197
147
153
4
186
86
27
146
74
159
11
13
184
20
104
52
27
177
193
50
116
188
43
103
171
166
169
141
199
197
187
17
182
144
42
139
98
30
132
100
154
84
135
56
140
123
116
39
66
151
128
7
12
4
59
123
96
171
158
81
29
12
180
143
27
117
76
198
16
190
181
155
189
82
167
200
70
92
7
46
88
40
92
86
26
57
154
135
149
159
145
67
20
167
107
165
137
9
131
146
187
16
194
124
139
99
42
187
117
110
164
190
148
75
180
83
11
168
132
54
47
185
171
64
21
197
6
181
175
131
194
6
101
41
6
162
82
31
101
135
193
78
50
175
80
187
50
108
76
72
62
188
114
77
50
141
28
16
21
34
119
9
1
67
187
192
28
193
16
159
30
164
53
123
89
98
121
61
20
23
70
181
181
185
54
185
112
84
77
104
23
91
186
103
61
154
55
139
93
19
195
173
161
120
181
147
131
52
175
149
122
5
93
112
31
57
175
2
58
120
58
190
34
124
58
151
157
82
9
99
95
29
30
79
114
34
146
35
57
38
185
49
121
194
19
18
54
159
51
168
43
152
49
179
88
23
108
13
32
133
122
143
94
119
198
35
97
151
174
183
179
27
123
143
114
81
135
182
99
179
193
183
174
24
194
197
175
162
159
54
165
131
141
19
184
92
107
181
142
61
151
53
158
26
13
177
179
80
146
146
92
1
39
50
184
150
86
126
22
96
48
90
52
141
141
56
133
22
157
166
102
35
44
99
23
105
124
5
186
32
82
128
69
88
77
160
5
8
195
125
45
97
156
63
122
23
188
199
33
124
32
73
66
152
179
60
72
98
180
71
130
42
69
51
136
117
140
113
34
47
71
63
9
95
123
192
2
64
48
150
44
73
169
62
192
149
2
93
85
99
5
164
165
134
65
99
107
105
63
190
69
35
21
96
49
51
90
1
52
80
10
199
158
16
156
44
178
191
20
193
36
114
152
5
179
87
5
171
141
25
119
115
113
168
171
123
52
127
58
75
122
66
71
10
87
109
176
174
4
53
164
105
61
63
67
163
52
126
80
71
197
61
132
142
12
153
135
178
92
152
133
157
43
83
197
143
188
77
81
26
30
34
9
58
40
100
94
42
75
103
143
191
165
154
107
83
138
188
155
6
65
182
90
182
135
35
126
39
16
136
61
111
42
113
53
154
60
36
42
21
106
87
70
68
193
24
168
179
156
53
55
102
197
60
185
42
124
116
91
135
29
135
90
184
8
200
109
47
128
52
70
192
101
182
173
162
52
153
151
79
195
39
59
184
21
90
5
53
165
90
7
88
132
181
75
85
192
75
118
43
84
13
183
46
8
67
65
54
137
181
9
90
49
180
65
138
88
81
29
154
101
65
150
116
66
183
192
119
67
152
8
63
196
152
79
74
150
95
71
151
155
60
99
32
190
103
93
13
99
74
177
54
120
137
106
14
20
133
86
194
6
105
115
6
69
104
164
139
150
161
113
134
64
93
99
100
194
73
48
145
141
117
3
127
83
53
142
75
123
110
172
83
150
99
46
105
19
99
151
85
17
18
157
184
100
176
119
173
50
103
101
144
136
59
140
179
47
65
70
192
131
60
78
133
95
118
116
16
81
179
57
31
49
103
146
93
20
1
49
198
81
130
135
168
189
146
179
130
50
157
5
9
103
157
31
21
174
159
81
146
149
94
66
7
96
129
61
60
2
173
45
80
141
23
79
168
128
35
54
87
88
80
190
88
117
29
150
156
49
80
9
74
182
72
98
71
15
78
43
75
76
121
66
8
87
191
87
15
171
186
75
9
185
24
197
187
35
29
20
77
178
177
172
193
5
164
178
105
84
8
52
45
196
85
6
69
67
14
179
100
26
4
60
28
82
56
196
43
84
181
25
73
28
193
164
45
65
139
117
79
154
30
190
93
97
154
115
147
150
132
69
4
183
63
164
164
170
136
51
53
72
99
116
11
68
33
12
174
5
1
28
32
128
168
163
51
148
197
171
180
178
108
146
190
186
110
17
87
187
112
133
82
58
103
168
45
188
72
194
177
37
61
148
126
63
178
191
63
119
68
41
120
132
171
173
82
133
91
76
163
108
187
18
34
46
94
105
51
154
129
2
82
76
68
119
86
139
143
103
23
188
28
172
126
62
97
7
142
132
197
145
6
82
154
24
54
194
72
55
75
196
178
69
146
125
133
39
136
66
30
58
138
119
136
60
19
88
74
12
111
169
78
144
78
11
92
27
200
169
131
69
128
116
2
176
42
158
83
187
30
195
131
186
7
135
83
185
71
110
88
124
146
67
54
134
31
105
140
150
124
49
166
144
191
77
149
162
17
143
193
162
174
130
95
13
119
75
109
178
96
193
5
58
186
67